35,18
26,37
1,5
1,9
1,10
1,12
1,15
1,21
1,25
1,26
1,27
1,29
1,32
1,34
1,40
1,41
1,42
1,43
1,46
1,47
2,5
2,9
2,10
2,12
2,14
2,15
2,17
2,18
2,27
2,41
2,42
3,3
3,5
3,12
3,20
3,22
3,24
3,30
3,31
3,32
3,36
3,39
3,40
3,42
3,47
4,3
4,4
4,5
4,11
4,24
4,31
4,34
4,35
4,37
4,38
4,42
4,46
4,47
5,2
5,4
5,7
5,17
5,21
5,23
5,26
5,27
5,28
5,30
5,33
5,35
5,37
5,43
5,44
6,1
6,5
6,6
6,8
6,9
6,13
6,14
6,18
6,21
6,24
6,25
6,27
6,29
6,31
6,33
6,35
6,39
6,42
6,43
6,48
7,3
7,6
7,10
7,14
7,16
7,24
7,25
7,27
7,34
7,37
7,39
7,45
7,48
8,3
8,6
8,7
8,10
8,11
8,14
8,18
8,21
8,22
8,23
8,32
8,37
8,40
8,43
8,48
9,3
9,5
9,12
9,15
9,21
9,22
9,23
9,26
9,31
9,36
9,37
9,38
9,39
9,44
9,45
9,47
9,48
10,1
10,7
10,8
10,15
10,16
10,18
10,23
10,27
10,28
10,32
10,37
10,40
10,42
10,43
10,46
10,47
10,48
11,7
11,9
11,12
11,20
11,21
11,24
11,26
11,29
11,31
11,32
11,42
11,46
11,47
12,2
12,5
12,6
12,11
12,13
12,14
12,17
12,19
12,26
12,27
12,28
12,30
12,31
12,32
12,35
12,36
12,37
12,41
12,45
12,48
13,2
13,3
13,10
13,14
13,15
13,18
13,19
13,20
13,22
13,25
13,28
13,29
13,32
13,33
13,34
13,36
13,41
13,43
13,45
13,46
13,47
13,48
14,6
14,12
14,15
14,16
14,17
14,18
14,26
14,31
14,34
14,42
14,44
14,45
14,48
15,1
15,2
15,15
15,16
15,18
15,21
15,26
15,30
15,37
15,38
15,40
15,41
16,3
16,4
16,18
16,20
16,23
16,24
16,28
16,32
16,33
16,35
16,36
16,39
16,45
16,46
16,48
17,1
17,5
17,10
17,11
17,14
17,19
17,22
17,25
17,29
17,32
17,33
17,35
17,42
17,43
17,45
17,48
18,9
18,14
18,16
18,18
18,20
18,24
18,26
18,30
18,32
18,35
18,38
18,39
18,41
19,7
19,12
19,16
19,22
19,24
19,26
19,30
19,31
19,34
19,36
19,39
19,40
19,41
19,43
19,44
19,46
19,47
20,2
20,8
20,17
20,24
20,32
20,33
20,34
20,37
20,38
20,41
21,2
21,6
21,7
21,11
21,12
21,18
21,20
21,21
21,28
21,29
21,32
21,33
21,38
21,40
21,45
21,47
21,48
22,9
22,12
22,16
22,26
22,28
22,33
22,35
22,41
23,1
23,7
23,8
23,15
23,25
23,26
23,27
23,30
23,31
23,32
23,36
23,39
24,2
24,5
24,6
24,9
24,15
24,16
24,17
24,20
24,24
24,27
24,32
24,38
24,39
24,43
24,45
25,6
25,11
25,16
25,20
25,21
25,24
25,33
25,42
25,43
25,46
25,48
26,1
26,5
26,9
26,10
26,12
26,14
26,15
26,17
26,20
26,36
26,45
26,46
26,48
27,4
27,6
27,7
27,10
27,15
27,16
27,18
27,25
27,28
27,29
27,34
27,38
27,41
27,42
27,44
27,48
28,2
28,6
28,7
28,10
28,16
28,18
28,22
28,24
28,25
28,26
28,29
28,34
28,38
28,41
28,42
28,45
28,47
29,1
29,3
29,5
29,6
29,7
29,8
29,10
29,11
29,14
29,15
29,16
29,19
29,21
29,22
29,31
29,33
29,35
29,38
29,42
29,44
30,9
30,14
30,16
30,18
30,20
30,22
30,23
30,27
30,32
30,34
30,36
30,37
30,40
30,47
30,48
31,6
31,8
31,10
31,13
31,14
31,15
31,16
31,17
31,26
31,27
31,28
31,31
31,32
31,37
31,38
31,41
32,5
32,7
32,8
32,9
32,18
32,21
32,22
32,26
32,27
32,29
32,31
32,32
32,35
32,38
32,42
32,43
32,48
33,2
33,6
33,7
33,8
33,10
33,14
33,17
33,18
33,19
33,31
33,43
34,3
34,10
34,14
34,15
34,23
34,28
34,29
34,31
34,34
34,35
34,41
34,42
35,4
35,6
35,7
35,8
35,10
35,12
35,21
35,30
35,46
36,1
36,11
36,13
36,16
36,23
36,24
36,25
36,30
36,36
36,46
37,5
37,8
37,14
37,15
37,18
37,21
37,28
37,30
37,33
37,36
37,39
37,43
37,45
37,48
38,2
38,3
38,4
38,7
38,8
38,11
38,12
38,17
38,18
38,19
38,21
38,27
38,28
38,35
38,37
38,41
38,43
39,4
39,6
39,10
39,11
39,13
39,17
39,19
39,25
39,26
39,29
39,32
39,33
39,34
39,35
39,36
39,39
39,41
39,42
39,46
40,1
40,10
40,17
40,21
40,26
40,30
40,31
40,36
40,37
40,40
40,42
40,45
40,46
40,47
40,48
41,3
41,6
41,11
41,13
41,16
41,18
41,20
41,22
41,23
41,26
41,27
41,28
41,29
41,33
41,35
41,40
41,42
41,44
41,45
41,46
42,3
42,6
42,13
42,14
42,15
42,16
42,18
42,20
42,22
42,26
42,28
42,30
42,36
42,37
42,39
42,43
42,46
42,47
43,3
43,9
43,10
43,11
43,16
43,19
43,20
43,21
43,24
43,32
43,34
43,35
43,39
43,41
44,3
44,4
44,12
44,13
44,16
44,17
44,24
44,32
44,35
44,37
44,42
45,1
45,2
45,3
45,7
45,14
45,17
45,18
45,21
45,22
45,27
45,28
45,29
45,42
45,43
45,44
45,46
46,6
46,10
46,12
46,14
46,16
46,26
46,30
46,32
46,34
46,35
46,36
46,41
46,43
46,45
46,48
47,2
47,3
47,4
47,5
47,11
47,14
47,18
47,20
47,21
47,26
47,27
47,32
47,37
47,45
48,1
48,4
48,7
48,8
48,10
48,11
48,12
48,13
48,14
48,16
48,21
48,27
48,32
48,39
48,41
48,43
48,44
48,45
48,48
